<html><head></head><body data-archived-source="https://www.pbinfo.ro/ajx-module/ajx-problema-afisare-enunt.php?id=770"><article id="enunt">
			<h1>Cerința</h1>

<p>Se dă o matrice cu <code>n</code> linii și <code>m</code> coloane și elemente numere naturale. Să se permute coloanele matricei circular spre stânga cu o poziție.</p>

<h1>Date de intrare</h1>

<p>Programul citește de la tastatură numerele <code>n</code> şi <code>m</code>, iar apoi <code>n*m</code> numere naturale, separate prin spații, reprezentând elementele matricei, linie cu linie.</p>

<h1>Date de ieșire</h1>

<p>Programul afișează pe ecran elementele matricei transformate, câte un linie a matricei pe o linie a ecranului, elementele de pe o linie fiind separate prin câte un spațiu.</p>

<h1>Restricții și precizări</h1>

<ul>
	<li><code>1 ≤ m, n ≤ 100</code></li>
	<li>elementele matricei vor fi mai mici decât <code>1.000.000</code></li>
</ul>

<h1>Exemplu:</h1>

<p><strong>Intrare</strong></p>

<pre>4 6
4 20 15 23 18 9 
1 8 23 22 14 18 
17 15 13 18 12 15 
3 18 8 20 12 5 </pre>

<p><strong>Ieșire</strong></p>

<pre>20 15 23 18 9 4 
8 23 22 14 18 1 
15 13 18 12 15 17 
18 8 20 12 5 3</pre>		</article>
		</body></html>